
Power Report Interval
200000 ps

Power Report                        Node     Tc     Ti    Time At 1    Time At 0    Time At X
---------------------------------------------------------------------------------------------
                              /tbrca/CLK    400      0       100000       100000            0
                            /tbrca/RESET      1      0         1000       199000            0
                               /tbrca/LD      1      0         2000       198000            0
                          /tbrca/PRN(15)    107      0       102500        97500            0
                          /tbrca/PRN(14)    107      0       101500        98500            0
                          /tbrca/PRN(13)    107      0       100500        99500            0
                          /tbrca/PRN(12)    106      0       100000       100000            0
                          /tbrca/PRN(11)    105      0        99500       100500            0
                          /tbrca/PRN(10)    104      0        99000       101000            0
                           /tbrca/PRN(9)    103      0        98500       101500            0
                           /tbrca/PRN(8)    103      0        97500       102500            0
                           /tbrca/PRN(7)    103      0        96500       103500            0
                           /tbrca/PRN(6)    103      0        95500       104500            0
                           /tbrca/PRN(5)    102      0        95000       105000            0
                           /tbrca/PRN(4)    101      0        94500       105500            0
                           /tbrca/PRN(3)    100      0        94000       106000            0
                           /tbrca/PRN(2)     99      0        93500       106500            0
                           /tbrca/PRN(1)     99      0        92500       107500            0
                           /tbrca/PRN(0)     99      0        94500       105500            0
                             /tbrca/A(7)    106      0       100000       100000            0
                             /tbrca/A(6)    107      0       101500        98500            0
                             /tbrca/A(5)     99      0        93500       106500            0
                             /tbrca/A(4)    103      0        97500       102500            0
                             /tbrca/A(3)    101      0        94500       105500            0
                             /tbrca/A(2)    104      0        99000       101000            0
                             /tbrca/A(1)    103      0        95500       104500            0
                             /tbrca/A(0)     99      0        94500       105500            0
                             /tbrca/B(7)     99      0        92500       107500            0
                             /tbrca/B(6)    100      0        94000       106000            0
                             /tbrca/B(5)    107      0       100500        99500            0
                             /tbrca/B(4)    103      0        96500       103500            0
                             /tbrca/B(3)    105      0        99500       100500            0
                             /tbrca/B(2)    102      0        95000       105000            0
                             /tbrca/B(1)    103      0        98500       101500            0
                             /tbrca/B(0)    107      0       102500        97500            0
                            /tbrca/S1(7)     84      0        93000       106975           25
                            /tbrca/S1(6)    102      0       106000        93975           25
                            /tbrca/S1(5)    105      0       103475        96500           25
                            /tbrca/S1(4)     85      0       105475        94500           25
                            /tbrca/S1(3)     98      0       103000        96975           25
                            /tbrca/S1(2)    101      0        93475       106500           25
                            /tbrca/S1(1)    102      0       100000        99975           25
                            /tbrca/S1(0)     92      0        98975       101000           25
                            /tbrca/S2(7)    250      0        92825       107125           50
                            /tbrca/S2(6)    242      0       105375        94575           50
                            /tbrca/S2(5)    213      0       103150        96800           50
                            /tbrca/S2(4)    199      0       105175        94775           50
                            /tbrca/S2(3)    210      0       102925        97025           50
                            /tbrca/S2(2)    201      0        93825       106125           50
                            /tbrca/S2(1)    178      0       100150        99800           50
                            /tbrca/S2(0)     92      0        98975       101000           25
                              /tbrca/Co1    123      0        94500       105500            0
                              /tbrca/Co2    123      0        94750       105225           25
---------------------------------------------------------------------------------------------

