
Power Report Interval
100000000 ps

Power Report                        Node     Tc     Ti    Time At 1    Time At 0    Time At X
---------------------------------------------------------------------------------------------
                              /tbrca/CLK 200000      0     50000000     50000000            0
                            /tbrca/RESET      1      0         1000     99999000            0
                               /tbrca/LD      3      0         4000     99996000            0
                          /tbrca/PRN(15)  49976      0     49965000     50035000            0
                          /tbrca/PRN(14)  49976      0     49965000     50035000            0
                          /tbrca/PRN(13)  49975      0     49964500     50035500            0
                          /tbrca/PRN(12)  49974      0     49964000     50036000            0
                          /tbrca/PRN(11)  49974      0     49964000     50036000            0
                          /tbrca/PRN(10)  49971      0     49962500     50037500            0
                           /tbrca/PRN(9)  49971      0     49961500     50038500            0
                           /tbrca/PRN(8)  49970      0     49961000     50039000            0
                           /tbrca/PRN(7)  49970      0     49960000     50040000            0
                           /tbrca/PRN(6)  49967      0     49958500     50041500            0
                           /tbrca/PRN(5)  49967      0     49957500     50042500            0
                           /tbrca/PRN(4)  49967      0     49956500     50043500            0
                           /tbrca/PRN(3)  49967      0     49955500     50044500            0
                           /tbrca/PRN(2)  49967      0     49954500     50045500            0
                           /tbrca/PRN(1)  49967      0     49953500     50046500            0
                           /tbrca/PRN(0)  49967      0     49956500     50043500            0
                             /tbrca/A(7)  49974      0     49964000     50036000            0
                             /tbrca/A(6)  49976      0     49965000     50035000            0
                             /tbrca/A(5)  49967      0     49954500     50045500            0
                             /tbrca/A(4)  49970      0     49961000     50039000            0
                             /tbrca/A(3)  49967      0     49956500     50043500            0
                             /tbrca/A(2)  49971      0     49962500     50037500            0
                             /tbrca/A(1)  49967      0     49958500     50041500            0
                             /tbrca/A(0)  49967      0     49956500     50043500            0
                             /tbrca/B(7)  49967      0     49953500     50046500            0
                             /tbrca/B(6)  49967      0     49955500     50044500            0
                             /tbrca/B(5)  49975      0     49964500     50035500            0
                             /tbrca/B(4)  49970      0     49960000     50040000            0
                             /tbrca/B(3)  49974      0     49964000     50036000            0
                             /tbrca/B(2)  49967      0     49957500     50042500            0
                             /tbrca/B(1)  49971      0     49961500     50038500            0
                             /tbrca/B(0)  49976      0     49965000     50035000            0
                            /tbrca/S1(7) 118828      0     49968500     50031450           50
                            /tbrca/S1(6) 115360      0     50043650     49956300           50
                            /tbrca/S1(5) 105496      0     49923700     50076250           50
                            /tbrca/S1(4) 110879      0     49962750     50037200           50
                            /tbrca/S1(3) 109322      0     50020250     49979700           50
                            /tbrca/S1(2) 106199      0     49925850     50074100           50
                            /tbrca/S1(1)  87310      0     50039500     49960450           50
                            /tbrca/S1(0)  49939      0     49969500     50030475           25
                            /tbrca/S2(7) 118828      0     49968500     50031450           50
                            /tbrca/S2(6) 115360      0     50043650     49956300           50
                            /tbrca/S2(5) 105496      0     49923700     50076250           50
                            /tbrca/S2(4) 110879      0     49962750     50037200           50
                            /tbrca/S2(3) 109322      0     50020250     49979700           50
                            /tbrca/S2(2) 106199      0     49925850     50074100           50
                            /tbrca/S2(1)  87310      0     50039500     49960450           50
                            /tbrca/S2(0)  49939      0     49969500     50030475           25
                              /tbrca/Co1  61633      0     49740825     50259150           25
                              /tbrca/Co2  61633      0     49740825     50259150           25
---------------------------------------------------------------------------------------------

